1 0.6809895833333334 0.6527777777777778 0.016145833333333335 0.07037037037037037
1 0.5778645833333333 0.638425925925926 0.011979166666666667 0.04722222222222222
1 0.9669270833333333 0.649074074074074 0.028645833333333332 0.14629629629629629
1 0.8848958333333333 0.6680555555555555 0.03854166666666667 0.15648148148148147
1 0.86328125 0.6217592592592592 0.016145833333333335 0.05092592592592592
1 0.6346354166666667 0.6467592592592593 0.0171875 0.058333333333333334
1 0.578125 0.6472222222222223 0.015625 0.05
1 0.5778645833333333 0.638425925925926 0.011979166666666667 0.04722222222222222
1 0.6809895833333334 0.6527777777777778 0.016145833333333335 0.07037037037037037
0 0.4552083333333333 0.763425925925926 0.13020833333333334 0.41388888888888886
1 0.6934895833333333 0.6555555555555556 0.018229166666666668 0.05925925925925926
