1 0.6721354166666667 0.675 0.005729166666666666 0.02962962962962963
1 0.54296875 0.6930555555555555 0.0109375 0.03981481481481482
1 0.9682291666666667 0.6388888888888888 0.01875 0.07407407407407407
1 0.9942708333333333 0.6902777777777778 0.010416666666666666 0.325
1 0.54296875 0.6930555555555555 0.0109375 0.03981481481481482
1 0.33307291666666666 0.6949074074074074 0.0109375 0.06388888888888888
1 0.5385416666666667 0.6912037037037037 0.010416666666666666 0.041666666666666664
1 0.42890625 0.7060185185185185 0.015104166666666667 0.06018518518518518
1 0.6479166666666667 0.674537037037037 0.010416666666666666 0.030555555555555555
1 0.42890625 0.6981481481481482 0.0109375 0.06296296296296296
1 0.49322916666666666 0.6972222222222222 0.010416666666666666 0.05185185185185185
0 0.8611979166666667 0.675 0.03802083333333333 0.18888888888888888
1 0.43072916666666666 0.711574074074074 0.010416666666666666 0.041666666666666664
1 0.6721354166666667 0.675 0.005729166666666666 0.02962962962962963
