1 0.21328125 0.6277777777777778 0.0140625 0.04814814814814815
1 0.27682291666666664 0.6152777777777778 0.011979166666666667 0.04351851851851852
1 0.07760416666666667 0.6324074074074074 0.019791666666666666 0.08148148148148149
1 0.671875 0.6032407407407407 0.016666666666666666 0.08055555555555556
1 0.6911458333333333 0.6069444444444444 0.023958333333333335 0.09351851851851851
1 0.25338541666666664 0.6212962962962963 0.011979166666666667 0.05185185185185185
1 0.21328125 0.6277777777777778 0.0140625 0.04814814814814815
1 0.07135416666666666 0.6435185185185185 0.021875 0.10185185185185185
0 0.4947916666666667 0.7027777777777777 0.0875 0.32222222222222224
1 0.6453125 0.6027777777777777 0.013541666666666667 0.05185185185185185
1 0.6278645833333333 0.6055555555555555 0.016145833333333335 0.05740740740740741
1 0.17213541666666668 0.6333333333333333 0.0203125 0.08333333333333333
