1 0.6411458333333333 0.48009259259259257 0.019791666666666666 0.062037037037037036
0 0.8315104166666667 0.5143518518518518 0.034895833333333334 0.1712962962962963
0 0.8315104166666667 0.5143518518518518 0.034895833333333334 0.1712962962962963
1 0.6973958333333333 0.48518518518518516 0.022916666666666665 0.09259259259259259
1 0.253125 0.5013888888888889 0.011458333333333333 0.03611111111111111
1 0.22994791666666667 0.5046296296296297 0.011979166666666667 0.04814814814814815
1 0.16380208333333332 0.5120370370370371 0.013020833333333334 0.05185185185185185
1 0.221875 0.5032407407407408 0.010416666666666666 0.03796296296296296
1 0.18645833333333334 0.5060185185185185 0.013541666666666667 0.04537037037037037
0 0.6729166666666667 0.5712962962962963 0.08541666666666667 0.24814814814814815
1 0.7078125 0.4666666666666667 0.01875 0.06666666666666667
0 0.7927083333333333 0.5111111111111111 0.0375 0.17777777777777778
