1 0.99140625 0.6662037037037037 0.016145833333333335 0.2916666666666667
1 0.6872395833333333 0.6662037037037037 0.005729166666666666 0.028703703703703703
0 0.6799479166666667 0.6935185185185185 0.033854166666666664 0.15555555555555556
1 0.7104166666666667 0.6643518518518519 0.007291666666666667 0.028703703703703703
1 0.3848958333333333 0.6888888888888889 0.010416666666666666 0.05925925925925926
0 0.496875 0.7157407407407408 0.029166666666666667 0.13148148148148148
1 0.4635416666666667 0.6875 0.011458333333333333 0.04537037037037037
1 0.63125 0.6777777777777778 0.010416666666666666 0.03888888888888889
1 0.9778645833333334 0.6351851851851852 0.018229166666666668 0.06666666666666667
1 0.5533854166666666 0.6916666666666667 0.013020833333333334 0.05555555555555555
1 0.5598958333333334 0.687962962962963 0.014583333333333334 0.06111111111111111
