0 0.40911458333333334 0.6759259259259259 0.033854166666666664 0.16666666666666666
1 0.13072916666666667 0.6467592592592593 0.020833333333333332 0.09351851851851851
1 0.64375 0.6185185185185185 0.013541666666666667 0.05740740740740741
1 0.7325520833333333 0.6157407407407407 0.0171875 0.06481481481481481
0 0.2 0.6703703703703704 0.027083333333333334 0.1259259259259259
1 0.6127604166666667 0.6212962962962963 0.011979166666666667 0.05740740740740741
1 0.2526041666666667 0.6388888888888888 0.016666666666666666 0.053703703703703705
1 0.15651041666666668 0.6518518518518519 0.016145833333333335 0.08148148148148149
1 0.13072916666666667 0.6467592592592593 0.020833333333333332 0.09351851851851851
1 0.17942708333333332 0.6412037037037037 0.0109375 0.06018518518518518
1 0.703125 0.6166666666666667 0.023958333333333335 0.09814814814814815
1 0.7216145833333333 0.6171296296296296 0.015104166666666667 0.06759259259259259
