1 0.09427083333333333 0.6083333333333333 0.020833333333333332 0.10555555555555556
0 0.21666666666666667 0.6449074074074074 0.042708333333333334 0.1638888888888889
1 0.12447916666666667 0.6199074074074075 0.019791666666666666 0.09166666666666666
1 0.6205729166666667 0.5962962962962963 0.0140625 0.05740740740740741
0 0.503125 0.6657407407407407 0.05 0.22962962962962963
1 0.23072916666666668 0.6 0.016666666666666666 0.05555555555555555
1 0.6174479166666667 0.5958333333333333 0.0140625 0.06574074074074074
1 0.7807291666666667 0.5981481481481481 0.017708333333333333 0.07777777777777778
1 0.1546875 0.6046296296296296 0.014583333333333334 0.06851851851851852
1 0.7677083333333333 0.5902777777777778 0.020833333333333332 0.0787037037037037
