0 0.5588541666666667 0.7166666666666667 0.028125 0.1425925925925926
1 0.3807291666666667 0.6898148148148148 0.009375 0.05925925925925926
1 0.5236979166666667 0.6916666666666667 0.0109375 0.06296296296296296
0 0.7526041666666666 0.6865740740740741 0.052083333333333336 0.1638888888888889
0 0.5588541666666667 0.7166666666666667 0.028125 0.1425925925925926
1 0.97421875 0.6337962962962963 0.019270833333333334 0.07685185185185185
1 0.6809895833333334 0.6680555555555555 0.0046875 0.026851851851851852
1 0.5205729166666667 0.6958333333333333 0.016145833333333335 0.05648148148148148
1 0.9903645833333333 0.6712962962962963 0.018229166666666668 0.3
1 0.7067708333333333 0.6652777777777777 0.00625 0.028703703703703703
1 0.6130208333333333 0.6787037037037037 0.010416666666666666 0.03888888888888889
