1 0.72265625 0.48148148148148145 0.0234375 0.08518518518518518
0 0.29348958333333336 0.5773148148148148 0.09739583333333333 0.2824074074074074
0 0.25078125 0.575462962962963 0.0734375 0.262037037037037
1 0.11510416666666666 0.5263888888888889 0.015625 0.06018518518518518
1 0.6369791666666667 0.46805555555555556 0.01875 0.05277777777777778
1 0.18072916666666666 0.5097222222222222 0.013541666666666667 0.04537037037037037
1 0.94765625 0.48564814814814816 0.04010416666666667 0.1398148148148148
0 0.08125 0.5962962962962963 0.046875 0.2222222222222222
1 0.19921875 0.5106481481481482 0.013020833333333334 0.04722222222222222
1 0.6703125 0.4810185185185185 0.022916666666666665 0.08981481481481482
1 0.23645833333333333 0.5023148148148148 0.010416666666666666 0.04351851851851852
