1 0.6471354166666666 0.6087962962962963 0.011979166666666667 0.05092592592592592
1 0.6283854166666667 0.6092592592592593 0.0140625 0.05185185185185185
1 0.04583333333333333 0.6361111111111111 0.020833333333333332 0.11666666666666667
1 0.09166666666666666 0.6314814814814815 0.019791666666666666 0.08148148148148149
1 0.04583333333333333 0.6361111111111111 0.020833333333333332 0.11666666666666667
1 0.6471354166666666 0.6087962962962963 0.011979166666666667 0.05092592592592592
1 0.6653645833333334 0.6074074074074074 0.018229166666666668 0.08518518518518518
1 0.18645833333333334 0.6296296296296297 0.016666666666666666 0.07592592592592592
1 0.06927083333333334 0.6439814814814815 0.019791666666666666 0.10277777777777777
1 0.696875 0.6134259259259259 0.023958333333333335 0.10277777777777777
1 0.8861979166666667 0.6106481481481482 0.03177083333333333 0.11944444444444445
