1 0.6559895833333333 0.6018518518518519 0.011979166666666667 0.053703703703703705
1 0.6390625 0.5986111111111111 0.014583333333333334 0.06759259259259259
0 0.6723958333333333 0.7111111111111111 0.08854166666666667 0.3148148148148148
1 0.7088541666666667 0.6023148148148149 0.023958333333333335 0.10277777777777777
1 0.83046875 0.6064814814814815 0.019270833333333334 0.0962962962962963
1 0.20677083333333332 0.611574074074074 0.016666666666666666 0.06944444444444445
1 0.6559895833333333 0.6018518518518519 0.011979166666666667 0.053703703703703705
1 0.6216145833333333 0.6069444444444444 0.0140625 0.05462962962962963
1 0.09661458333333334 0.6328703703703704 0.0234375 0.08796296296296297
1 0.058333333333333334 0.6300925925925925 0.020833333333333332 0.11944444444444445
1 0.8161458333333333 0.6 0.022916666666666665 0.09444444444444444
