1 0.10729166666666666 0.6342592592592593 0.01875 0.07777777777777778
1 0.8692708333333333 0.6106481481481482 0.020833333333333332 0.09722222222222222
0 0.33619791666666665 0.6865740740740741 0.06927083333333334 0.2490740740740741
1 0.10729166666666666 0.6342592592592593 0.01875 0.07777777777777778
1 0.7026041666666667 0.6125 0.023958333333333335 0.10277777777777777
1 0.6520833333333333 0.6055555555555555 0.0125 0.05555555555555555
1 0.625 0.6060185185185185 0.013541666666666667 0.05277777777777778
0 0.89453125 0.7268518518518519 0.0828125 0.37777777777777777
1 0.2638020833333333 0.6240740740740741 0.013020833333333334 0.053703703703703705
1 0.04635416666666667 0.6416666666666667 0.020833333333333332 0.11666666666666667
1 0.20572916666666666 0.6287037037037037 0.015625 0.07592592592592592
1 0.8520833333333333 0.6041666666666666 0.026041666666666668 0.10462962962962963
