1 0.6239583333333333 0.5935185185185186 0.013541666666666667 0.05555555555555555
1 0.65546875 0.5898148148148148 0.011979166666666667 0.05
1 0.65546875 0.5898148148148148 0.011979166666666667 0.05
1 0.7125 0.5930555555555556 0.023958333333333335 0.10277777777777777
1 0.08333333333333333 0.6050925925925926 0.020833333333333332 0.11574074074074074
1 0.6239583333333333 0.5935185185185186 0.013541666666666667 0.05555555555555555
1 0.6236979166666666 0.5962962962962963 0.0140625 0.06666666666666667
0 0.54609375 0.6731481481481482 0.0515625 0.2574074074074074
1 0.24348958333333334 0.5962962962962963 0.0140625 0.05555555555555555
1 0.14609375 0.5958333333333333 0.0171875 0.0712962962962963
1 0.7950520833333333 0.5986111111111111 0.018229166666666668 0.08425925925925926
1 0.22447916666666667 0.5976851851851852 0.019791666666666666 0.062037037037037036
1 0.7817708333333333 0.5930555555555556 0.020833333333333332 0.0787037037037037
