0 0.4830729166666667 0.6638888888888889 0.059895833333333336 0.2222222222222222
1 0.6143229166666667 0.5939814814814814 0.0140625 0.06388888888888888
1 0.15859375 0.6092592592592593 0.013020833333333334 0.06666666666666667
1 0.7609375 0.5921296296296297 0.020833333333333332 0.07685185185185185
1 0.23385416666666667 0.6018518518518519 0.016666666666666666 0.05555555555555555
1 0.13020833333333334 0.6236111111111111 0.019791666666666666 0.08981481481481482
1 0.61796875 0.5981481481481481 0.015104166666666667 0.05740740740740741
1 0.7114583333333333 0.5962962962962963 0.023958333333333335 0.1
1 0.25286458333333334 0.6064814814814815 0.0140625 0.05555555555555555
1 0.09791666666666667 0.6134259259259259 0.020833333333333332 0.10092592592592593
1 0.7734375 0.5986111111111111 0.017708333333333333 0.075
1 0.6513020833333333 0.5893518518518519 0.013020833333333334 0.05092592592592592
