1 0.6908854166666667 0.6671296296296296 0.0067708333333333336 0.028703703703703703
1 0.9567708333333333 0.638425925925926 0.01875 0.075
1 0.56796875 0.6884259259259259 0.016145833333333335 0.06018518518518518
1 0.9934895833333334 0.6282407407407408 0.011979166666666667 0.0787037037037037
1 0.7135416666666666 0.6652777777777777 0.007291666666666667 0.028703703703703703
1 0.6403645833333333 0.6763888888888889 0.0067708333333333336 0.03981481481481482
1 0.6369791666666667 0.6777777777777778 0.010416666666666666 0.03888888888888889
1 0.46328125 0.6875 0.009895833333333333 0.04537037037037037
1 0.5614583333333333 0.6935185185185185 0.014583333333333334 0.05555555555555555
0 0.49296875 0.7166666666666667 0.034895833333333334 0.12777777777777777
1 0.9770833333333333 0.6347222222222222 0.016666666666666666 0.06388888888888888
