0 0.7713541666666667 0.5226851851851851 0.053125 0.21388888888888888
0 0.7713541666666667 0.5226851851851851 0.053125 0.21388888888888888
0 0.5049479166666667 0.5666666666666667 0.08385416666666666 0.25925925925925924
1 0.21666666666666667 0.5023148148148148 0.010416666666666666 0.03796296296296296
0 0.66875 0.5361111111111111 0.046875 0.2111111111111111
0 0.8153645833333333 0.5263888888888889 0.05572916666666667 0.21574074074074073
1 0.1125 0.5212962962962963 0.015625 0.06481481481481481
1 0.14661458333333333 0.5101851851851852 0.016145833333333335 0.05555555555555555
1 0.23098958333333333 0.5 0.011979166666666667 0.04814814814814815
1 0.7458333333333333 0.48009259259259257 0.022916666666666665 0.10277777777777777
1 0.18229166666666666 0.5013888888888889 0.013541666666666667 0.04537037037037037
