1 0.04583333333333333 0.6361111111111111 0.020833333333333332 0.11666666666666667
1 0.87890625 0.611574074074074 0.03177083333333333 0.1175925925925926
1 0.26015625 0.6240740740740741 0.0140625 0.053703703703703705
1 0.6294270833333333 0.6078703703703704 0.0140625 0.05277777777777778
1 0.6989583333333333 0.6143518518518518 0.023958333333333335 0.10277777777777777
1 0.26015625 0.6240740740740741 0.0140625 0.053703703703703705
1 0.04583333333333333 0.6361111111111111 0.020833333333333332 0.11666666666666667
1 0.0703125 0.6449074074074074 0.019791666666666666 0.09907407407407408
1 0.66015625 0.6074074074074074 0.0203125 0.08518518518518518
1 0.2794270833333333 0.6152777777777778 0.011979166666666667 0.04351851851851852
1 0.19036458333333334 0.6296296296296297 0.016145833333333335 0.07407407407407407
1 0.8971354166666666 0.6166666666666667 0.021354166666666667 0.10925925925925926
1 0.09635416666666667 0.6314814814814815 0.019791666666666666 0.08148148148148149
1 0.22838541666666667 0.6277777777777778 0.0140625 0.04814814814814815
1 0.87890625 0.611574074074074 0.03177083333333333 0.1175925925925926
0 0.40130208333333334 0.6935185185185185 0.07552083333333333 0.2740740740740741
