1 0.5171875 0.6912037037037037 0.014583333333333334 0.058333333333333334
1 0.51328125 0.7032407407407407 0.009895833333333333 0.03796296296296296
1 0.60546875 0.6796296296296296 0.0078125 0.03888888888888889
1 0.6067708333333334 0.6805555555555556 0.010416666666666666 0.03888888888888889
1 0.38046875 0.687962962962963 0.009895833333333333 0.06296296296296296
1 0.51328125 0.7032407407407407 0.009895833333333333 0.03796296296296296
1 0.9778645833333334 0.6324074074074074 0.019270833333333334 0.07777777777777778
1 0.9903645833333333 0.6717592592592593 0.018229166666666668 0.30092592592592593
0 0.5794270833333334 0.7171296296296297 0.03802083333333333 0.14722222222222223
0 0.7721354166666666 0.6810185185185185 0.030729166666666665 0.1675925925925926
1 0.5171875 0.6912037037037037 0.014583333333333334 0.058333333333333334
1 0.5106770833333333 0.6958333333333333 0.011979166666666667 0.05648148148148148
