1 0.10520833333333333 0.6185185185185185 0.020833333333333332 0.09444444444444444
1 0.8096354166666667 0.5995370370370371 0.0203125 0.09351851851851851
1 0.23619791666666667 0.6013888888888889 0.0140625 0.05648148148148148
1 0.7953125 0.6 0.020833333333333332 0.08148148148148149
1 0.6565104166666667 0.5907407407407408 0.011979166666666667 0.05
1 0.07239583333333334 0.6106481481481482 0.020833333333333332 0.12129629629629629
0 0.23671875 0.6481481481481481 0.050520833333333334 0.19074074074074074
1 0.1390625 0.6041666666666666 0.017708333333333333 0.0712962962962963
1 0.6299479166666667 0.5967592592592592 0.0140625 0.06759259259259259
1 0.7130208333333333 0.5967592592592592 0.023958333333333335 0.10277777777777777
