1 0.6666666666666666 0.6064814814814815 0.017708333333333333 0.08333333333333333
1 0.6463541666666667 0.6083333333333333 0.0125 0.05185185185185185
1 0.6947916666666667 0.6125 0.023958333333333335 0.10277777777777777
1 0.6666666666666666 0.6064814814814815 0.017708333333333333 0.08333333333333333
1 0.8940104166666667 0.6101851851851852 0.03177083333333333 0.12222222222222222
1 0.06822916666666666 0.6421296296296296 0.019791666666666666 0.10462962962962963
1 0.08697916666666666 0.6305555555555555 0.019791666666666666 0.08148148148148149
1 0.04375 0.6351851851851852 0.020833333333333332 0.11666666666666667
1 0.25703125 0.6240740740740741 0.0109375 0.053703703703703705
1 0.2794270833333333 0.6152777777777778 0.011979166666666667 0.04351851851851852
1 0.62734375 0.611574074074074 0.0140625 0.05092592592592592
