1 0.20833333333333334 0.6189814814814815 0.01875 0.0712962962962963
1 0.29583333333333334 0.6097222222222223 0.010416666666666666 0.04722222222222222
0 0.32395833333333335 0.6365740740740741 0.021875 0.09722222222222222
1 0.6817708333333333 0.587037037037037 0.019791666666666666 0.08148148148148149
1 0.3111979166666667 0.6092592592592593 0.013020833333333334 0.044444444444444446
1 0.5963541666666666 0.5888888888888889 0.011458333333333333 0.04814814814814815
1 0.09635416666666667 0.6282407407407408 0.015625 0.06388888888888888
1 0.6481770833333333 0.586574074074074 0.013020833333333334 0.058333333333333334
1 0.21822916666666667 0.6231481481481481 0.014583333333333334 0.06666666666666667
1 0.6614583333333334 0.586574074074074 0.0125 0.05092592592592592
1 0.07317708333333334 0.6435185185185185 0.024479166666666666 0.09814814814814815
0 0.253125 0.6481481481481481 0.03854166666666667 0.06481481481481481
