1 0.828125 0.6087962962962963 0.020833333333333332 0.09537037037037037
1 0.6440104166666667 0.5990740740740741 0.016145833333333335 0.06851851851851852
1 0.24817708333333333 0.6268518518518519 0.0140625 0.04814814814814815
1 0.051041666666666666 0.6407407407407407 0.020833333333333332 0.11666666666666667
1 0.7098958333333333 0.6069444444444444 0.023958333333333335 0.10277777777777777
1 0.21927083333333333 0.6199074074074075 0.014583333333333334 0.06018518518518518
1 0.20052083333333334 0.6203703703703703 0.016666666666666666 0.07222222222222222
0 0.7427083333333333 0.7157407407407408 0.078125 0.3314814814814815
1 0.11770833333333333 0.6282407407407408 0.017708333333333333 0.0712962962962963
1 0.6552083333333333 0.6083333333333333 0.0125 0.053703703703703705
