1 0.23151041666666666 0.4981481481481482 0.011979166666666667 0.04814814814814815
1 0.21171875 0.5013888888888889 0.0140625 0.03981481481481482
0 0.4903645833333333 0.5518518518518518 0.06822916666666666 0.2388888888888889
1 0.8174479166666667 0.48148148148148145 0.03177083333333333 0.1259259259259259
0 0.6244791666666667 0.5601851851851852 0.08020833333333334 0.2759259259259259
1 0.18229166666666666 0.5023148148148148 0.013541666666666667 0.04537037037037037
1 0.12526041666666668 0.5162037037037037 0.015104166666666667 0.06388888888888888
0 0.28020833333333334 0.5722222222222222 0.06875 0.24259259259259258
1 0.6630208333333333 0.4703703703703704 0.01875 0.06851851851851852
1 0.6880208333333333 0.47453703703703703 0.019791666666666666 0.075
1 0.23151041666666666 0.4981481481481482 0.011979166666666667 0.04814814814814815
