1 0.18229166666666666 0.5023148148148148 0.013541666666666667 0.04537037037037037
1 0.18229166666666666 0.5023148148148148 0.013541666666666667 0.04537037037037037
0 0.38333333333333336 0.5550925925925926 0.06041666666666667 0.25092592592592594
0 0.46953125 0.5689814814814815 0.0796875 0.2935185185185185
1 0.12864583333333332 0.5138888888888888 0.017708333333333333 0.06111111111111111
1 0.2328125 0.49722222222222223 0.011458333333333333 0.046296296296296294
1 0.6518229166666667 0.4726851851851852 0.022395833333333334 0.08055555555555556
0 0.18255208333333334 0.5731481481481482 0.0671875 0.22777777777777777
1 0.64921875 0.4675925925925926 0.0171875 0.06296296296296296
1 0.70234375 0.4791666666666667 0.021354166666666667 0.0787037037037037
0 0.44817708333333334 0.5532407407407407 0.0515625 0.2675925925925926
