1 0.8807291666666667 0.6657407407407407 0.03854166666666667 0.15925925925925927
1 0.6846354166666667 0.6569444444444444 0.013020833333333334 0.06574074074074074
0 0.4864583333333333 0.7587962962962963 0.11979166666666667 0.4212962962962963
1 0.6348958333333333 0.6467592592592593 0.017708333333333333 0.058333333333333334
1 0.8807291666666667 0.6657407407407407 0.03854166666666667 0.15925925925925927
1 0.57890625 0.6393518518518518 0.011979166666666667 0.04722222222222222
1 0.26015625 0.6486111111111111 0.011979166666666667 0.03796296296296296
1 0.69609375 0.6560185185185186 0.018229166666666668 0.06018518518518518
1 0.57734375 0.6462962962962963 0.015104166666666667 0.05
1 0.8606770833333334 0.6226851851851852 0.016145833333333335 0.05092592592592592
