0 0.30807291666666664 0.6310185185185185 0.021354166666666667 0.08055555555555556
1 0.1265625 0.6430555555555556 0.019791666666666666 0.08611111111111111
1 0.6677083333333333 0.5837962962962963 0.017708333333333333 0.07685185185185185
1 0.6049479166666667 0.5861111111111111 0.0109375 0.05
1 0.0953125 0.6393518518518518 0.01875 0.0787037037037037
0 0.30807291666666664 0.6310185185185185 0.021354166666666667 0.08055555555555556
1 0.5890625 0.5893518518518519 0.011458333333333333 0.04722222222222222
1 0.25 0.6162037037037037 0.01875 0.06574074074074074
1 0.15989583333333332 0.625462962962963 0.015625 0.05092592592592592
1 0.6216145833333333 0.5847222222222223 0.013020833333333334 0.058333333333333334
1 0.1265625 0.6430555555555556 0.019791666666666666 0.08611111111111111
1 0.6338541666666667 0.5833333333333334 0.011458333333333333 0.044444444444444446
1 0.25755208333333335 0.6203703703703703 0.0109375 0.05925925925925926
