1 0.10911458333333333 0.6351851851851852 0.018229166666666668 0.07407407407407407
1 0.20859375 0.6287037037037037 0.015104166666666667 0.07592592592592592
1 0.6236979166666666 0.6060185185185185 0.0140625 0.05277777777777778
1 0.10911458333333333 0.6351851851851852 0.018229166666666668 0.07407407407407407
1 0.8463541666666666 0.6050925925925926 0.023958333333333335 0.10092592592592593
1 0.265625 0.625 0.0125 0.053703703703703705
1 0.20859375 0.6287037037037037 0.015104166666666667 0.07592592592592592
1 0.7052083333333333 0.611574074074074 0.023958333333333335 0.10277777777777777
1 0.28463541666666664 0.6171296296296296 0.011979166666666667 0.04351851851851852
1 0.6510416666666666 0.600925925925926 0.01875 0.07037037037037037
0 0.31875 0.6842592592592592 0.07083333333333333 0.24444444444444444
1 0.65390625 0.6064814814814815 0.013020833333333334 0.053703703703703705
1 0.18854166666666666 0.6282407407407408 0.016666666666666666 0.07314814814814814
0 0.8421875 0.7263888888888889 0.10520833333333333 0.36944444444444446
