1 0.04583333333333333 0.6361111111111111 0.020833333333333332 0.11666666666666667
1 0.64921875 0.6050925925925926 0.011979166666666667 0.05648148148148148
1 0.6575520833333334 0.6041666666666666 0.0203125 0.07685185185185185
1 0.8833333333333333 0.6134259259259259 0.021875 0.10277777777777777
1 0.7010416666666667 0.6143518518518518 0.023958333333333335 0.10277777777777777
1 0.23359375 0.6277777777777778 0.0140625 0.04814814814814815
0 0.36380208333333336 0.6893518518518519 0.07552083333333333 0.2601851851851852
1 0.04583333333333333 0.6361111111111111 0.020833333333333332 0.11666666666666667
1 0.19817708333333334 0.6287037037037037 0.016145833333333335 0.07407407407407407
1 0.6276041666666666 0.6060185185185185 0.013541666666666667 0.05277777777777778
1 0.2609375 0.6222222222222222 0.016666666666666666 0.053703703703703705
1 0.28151041666666665 0.6162037037037037 0.011979166666666667 0.04351851851851852
