1 0.07708333333333334 0.6398148148148148 0.017708333333333333 0.06666666666666667
1 0.6325520833333333 0.6481481481481481 0.016145833333333335 0.07222222222222222
1 0.06796875 0.649537037037037 0.013020833333333334 0.04351851851851852
1 0.11822916666666666 0.6449074074074074 0.016666666666666666 0.058333333333333334
1 0.0125 0.6541666666666667 0.025 0.10462962962962963
1 0.86171875 0.6310185185185185 0.0140625 0.06018518518518518
1 0.6325520833333333 0.6481481481481481 0.016145833333333335 0.07222222222222222
1 0.85234375 0.6300925925925925 0.011979166666666667 0.06018518518518518
1 0.31588541666666664 0.6578703703703703 0.0234375 0.09722222222222222
1 0.6161458333333333 0.6513888888888889 0.017708333333333333 0.075
