1 0.7104166666666667 0.6087962962962963 0.023958333333333335 0.10277777777777777
0 0.29739583333333336 0.6796296296296296 0.057291666666666664 0.23333333333333334
1 0.8510416666666667 0.6083333333333333 0.016666666666666666 0.09074074074074075
1 0.196875 0.6236111111111111 0.016666666666666666 0.07314814814814814
1 0.8348958333333333 0.6069444444444444 0.020833333333333332 0.09537037037037037
1 0.6216145833333333 0.6055555555555555 0.015104166666666667 0.053703703703703705
1 0.26796875 0.625 0.0140625 0.053703703703703705
1 0.6552083333333333 0.6083333333333333 0.0125 0.053703703703703705
1 0.24557291666666667 0.6268518518518519 0.0140625 0.04814814814814815
1 0.05 0.6416666666666667 0.020833333333333332 0.11666666666666667
1 0.11458333333333333 0.6319444444444444 0.017708333333333333 0.0712962962962963
1 0.215625 0.6287037037037037 0.014583333333333334 0.07777777777777778
