1 0.7096354166666666 0.6902777777777778 0.0109375 0.03796296296296296
0 0.4828125 0.7129629629629629 0.026041666666666668 0.10555555555555556
1 0.7096354166666666 0.6902777777777778 0.0109375 0.03796296296296296
1 0.7479166666666667 0.6689814814814815 0.009375 0.03981481481481482
1 0.7033854166666667 0.6837962962962963 0.0140625 0.05462962962962963
1 0.71328125 0.6782407407407407 0.0140625 0.06018518518518518
1 0.7984375 0.6569444444444444 0.008333333333333333 0.028703703703703703
0 0.6455729166666667 0.6953703703703704 0.0328125 0.12407407407407407
0 0.4828125 0.7129629629629629 0.026041666666666668 0.10555555555555556
1 0.7385416666666667 0.6699074074074074 0.007291666666666667 0.03611111111111111
