1 0.95859375 0.638425925925926 0.021354166666666667 0.075
1 0.6278645833333333 0.6773148148148148 0.011979166666666667 0.03796296296296296
1 0.38229166666666664 0.6893518518518519 0.010416666666666666 0.058333333333333334
1 0.38229166666666664 0.6893518518518519 0.010416666666666666 0.058333333333333334
1 0.46484375 0.687962962962963 0.0109375 0.046296296296296294
1 0.5513020833333333 0.6995370370370371 0.008854166666666666 0.03981481481481482
1 0.6278645833333333 0.6773148148148148 0.011979166666666667 0.03796296296296296
1 0.54609375 0.6907407407407408 0.011979166666666667 0.05555555555555555
1 0.9911458333333333 0.6671296296296296 0.016666666666666666 0.2935185185185185
1 0.6864583333333333 0.6662037037037037 0.010416666666666666 0.028703703703703703
1 0.95859375 0.638425925925926 0.021354166666666667 0.075
0 0.5026041666666666 0.7157407407407408 0.028125 0.13333333333333333
1 0.9786458333333333 0.6347222222222222 0.017708333333333333 0.06574074074074074
1 0.55234375 0.6875 0.0140625 0.062037037037037036
