1 0.6911458333333333 0.6722222222222223 0.007291666666666667 0.037037037037037035
1 0.6466145833333333 0.6962962962962963 0.0109375 0.037037037037037035
1 0.43125 0.6888888888888889 0.010416666666666666 0.05740740740740741
1 0.7296875 0.662962962962963 0.008333333333333333 0.025925925925925925
0 0.6296875 0.6962962962962963 0.040625 0.13148148148148148
1 0.7513020833333334 0.663425925925926 0.008854166666666666 0.025
0 0.46119791666666665 0.7143518518518519 0.0234375 0.1175925925925926
1 0.9859375 0.6356481481481482 0.013541666666666667 0.062037037037037036
1 0.6971354166666667 0.6726851851851852 0.0078125 0.03981481481481482
1 0.9591145833333333 0.6398148148148148 0.0171875 0.07222222222222222
