1 0.48854166666666665 0.7060185185185185 0.011458333333333333 0.03796296296296296
1 0.5041666666666667 0.6912037037037037 0.009375 0.049074074074074076
1 0.371875 0.6907407407407408 0.010416666666666666 0.06111111111111111
1 0.98125 0.6291666666666667 0.013541666666666667 0.08055555555555556
0 0.6221354166666667 0.7199074074074074 0.0453125 0.16018518518518518
1 0.4861979166666667 0.6921296296296297 0.0109375 0.06018518518518518
1 0.6736979166666667 0.6722222222222223 0.0046875 0.027777777777777776
1 0.99140625 0.6777777777777778 0.016145833333333335 0.30925925925925923
1 0.5872395833333334 0.6833333333333333 0.008854166666666666 0.03888888888888889
1 0.7020833333333333 0.6657407407407407 0.00625 0.02962962962962963
