1 0.64140625 0.5958333333333333 0.013020833333333334 0.05092592592592592
1 0.06927083333333334 0.6449074074074074 0.019791666666666666 0.09907407407407408
1 0.23932291666666666 0.6208333333333333 0.011979166666666667 0.05277777777777778
1 0.03697916666666667 0.6416666666666667 0.020833333333333332 0.11666666666666667
1 0.20598958333333334 0.6277777777777778 0.0140625 0.04814814814814815
1 0.64140625 0.5958333333333333 0.013020833333333334 0.05092592592592592
1 0.6861979166666666 0.5986111111111111 0.0234375 0.0824074074074074
0 0.5716145833333334 0.7037037037037037 0.08697916666666666 0.35185185185185186
1 0.6265625 0.6023148148148149 0.015625 0.05277777777777778
1 0.06770833333333333 0.6324074074074074 0.019791666666666666 0.08148148148148149
1 0.6802083333333333 0.5949074074074074 0.016666666666666666 0.08055555555555556
