1 0.69375 0.6027777777777777 0.023958333333333335 0.09814814814814815
1 0.153125 0.6333333333333333 0.020833333333333332 0.08148148148148149
1 0.178125 0.6435185185185185 0.013541666666666667 0.06851851851851852
1 0.2671875 0.6231481481481481 0.010416666666666666 0.04814814814814815
1 0.69375 0.6027777777777777 0.023958333333333335 0.09814814814814815
1 0.178125 0.6435185185185185 0.013541666666666667 0.06851851851851852
1 0.6057291666666667 0.6023148148148149 0.013541666666666667 0.049074074074074076
0 0.19453125 0.6625 0.033854166666666664 0.11203703703703703
1 0.0171875 0.6555555555555556 0.020833333333333332 0.1111111111111111
1 0.28463541666666664 0.6263888888888889 0.013020833333333334 0.05092592592592592
1 0.153125 0.6333333333333333 0.020833333333333332 0.08148148148148149
1 0.6317708333333333 0.5953703703703703 0.015625 0.05
1 0.5830729166666667 0.6027777777777777 0.013020833333333334 0.04814814814814815
