1 0.13020833333333334 0.5162037037037037 0.017708333333333333 0.06388888888888888
1 0.8763020833333334 0.49166666666666664 0.04010416666666667 0.13518518518518519
1 0.12447916666666667 0.5185185185185185 0.013541666666666667 0.05555555555555555
1 0.7049479166666667 0.48009259259259257 0.021354166666666667 0.0787037037037037
1 0.20546875 0.5041666666666667 0.013020833333333334 0.04537037037037037
1 0.6546875 0.4759259259259259 0.022916666666666665 0.08333333333333333
1 0.18229166666666666 0.5023148148148148 0.013541666666666667 0.04537037037037037
0 0.16822916666666668 0.5731481481481482 0.05416666666666667 0.22592592592592592
1 0.23385416666666667 0.49722222222222223 0.011458333333333333 0.046296296296296294
1 0.6471354166666666 0.4671296296296296 0.0171875 0.062037037037037036
0 0.4322916666666667 0.5574074074074075 0.0875 0.2574074074074074
