1 0.12552083333333333 0.5157407407407407 0.016666666666666666 0.06296296296296296
1 0.6421875 0.47638888888888886 0.020833333333333332 0.075
1 0.6903645833333333 0.47453703703703703 0.0203125 0.07685185185185185
1 0.23151041666666666 0.49722222222222223 0.011979166666666667 0.04814814814814815
1 0.21067708333333332 0.5023148148148148 0.0140625 0.03981481481481482
0 0.2625 0.5671296296296297 0.06666666666666667 0.24166666666666667
1 0.6421875 0.47638888888888886 0.020833333333333332 0.075
0 0.5604166666666667 0.5513888888888889 0.090625 0.2564814814814815
1 0.6606770833333333 0.4699074074074074 0.018229166666666668 0.06759259259259259
1 0.12552083333333333 0.5157407407407407 0.016666666666666666 0.06296296296296296
0 0.48046875 0.5560185185185185 0.07447916666666667 0.2361111111111111
0 0.60625 0.5606481481481481 0.07083333333333333 0.287962962962963
1 0.12760416666666666 0.5175925925925926 0.013541666666666667 0.05555555555555555
1 0.23151041666666666 0.49722222222222223 0.011979166666666667 0.04814814814814815
1 0.21067708333333332 0.5023148148148148 0.0140625 0.03981481481481482
