1 0.18229166666666666 0.5013888888888889 0.013541666666666667 0.04537037037037037
1 0.6265625 0.475462962962963 0.019791666666666666 0.07314814814814814
1 0.14479166666666668 0.5097222222222222 0.016666666666666666 0.05648148148148148
0 0.76328125 0.5254629629629629 0.06197916666666667 0.21944444444444444
0 0.80546875 0.5291666666666667 0.0453125 0.22870370370370371
1 0.6666666666666666 0.4759259259259259 0.019791666666666666 0.07037037037037037
1 0.11354166666666667 0.5212962962962963 0.015625 0.06481481481481481
1 0.18229166666666666 0.5013888888888889 0.013541666666666667 0.04537037037037037
1 0.6880208333333333 0.4625 0.01875 0.06759259259259259
1 0.21614583333333334 0.5023148148148148 0.010416666666666666 0.03796296296296296
1 0.6265625 0.475462962962963 0.019791666666666666 0.07314814814814814
