1 0.22942708333333334 0.49444444444444446 0.011979166666666667 0.04814814814814815
1 0.25546875 0.49398148148148147 0.011979166666666667 0.03611111111111111
1 0.9302083333333333 0.48842592592592593 0.030208333333333334 0.13796296296296295
1 0.22942708333333334 0.49444444444444446 0.011979166666666667 0.04814814814814815
0 0.7221354166666667 0.4981481481481482 0.0265625 0.14444444444444443
1 0.18489583333333334 0.49675925925925923 0.0125 0.04537037037037037
0 0.7880208333333333 0.49444444444444446 0.030208333333333334 0.1388888888888889
1 0.19479166666666667 0.49444444444444446 0.011458333333333333 0.04259259259259259
0 0.70546875 0.5435185185185185 0.0390625 0.22037037037037038
1 0.6255208333333333 0.4685185185185185 0.01875 0.05740740740740741
1 0.91171875 0.4925925925925926 0.028645833333333332 0.15185185185185185
1 0.10494791666666667 0.5115740740740741 0.016145833333333335 0.06759259259259259
0 0.7526041666666666 0.49398148148148147 0.03125 0.14351851851851852
