1 0.5994791666666667 0.6504629629629629 0.016666666666666666 0.06944444444444445
0 0.37942708333333336 0.6513888888888889 0.016145833333333335 0.06018518518518518
1 0.7005208333333334 0.6625 0.017708333333333333 0.0712962962962963
1 0.9747395833333333 0.7231481481481481 0.044270833333333336 0.32407407407407407
1 0.7005208333333334 0.6625 0.017708333333333333 0.0712962962962963
0 0.37942708333333336 0.6513888888888889 0.016145833333333335 0.06018518518518518
1 0.5239583333333333 0.6421296296296296 0.0125 0.058333333333333334
1 0.5994791666666667 0.6504629629629629 0.016666666666666666 0.06944444444444445
1 0.5731770833333333 0.6439814814814815 0.011979166666666667 0.06759259259259259
1 0.8869791666666667 0.7050925925925926 0.07708333333333334 0.3101851851851852
