1 0.8713541666666667 0.612037037037037 0.03125 0.11481481481481481
1 0.7010416666666667 0.6152777777777778 0.023958333333333335 0.10277777777777777
1 0.6291666666666667 0.6069444444444444 0.013541666666666667 0.05277777777777778
1 0.04583333333333333 0.6361111111111111 0.020833333333333332 0.11666666666666667
1 0.09947916666666666 0.6314814814814815 0.019791666666666666 0.08148148148148149
1 0.88984375 0.6162037037037037 0.021354166666666667 0.10648148148148148
1 0.2799479166666667 0.6162037037037037 0.011979166666666667 0.04351851851851852
1 0.8713541666666667 0.612037037037037 0.03125 0.11481481481481481
1 0.2609375 0.6231481481481481 0.016666666666666666 0.053703703703703705
1 0.65859375 0.6055555555555555 0.0203125 0.08148148148148149
1 0.23098958333333333 0.6277777777777778 0.0140625 0.04814814814814815
0 0.38307291666666665 0.6916666666666667 0.07552083333333333 0.26666666666666666
1 0.7010416666666667 0.6152777777777778 0.023958333333333335 0.10277777777777777
0 0.9841145833333333 0.7291666666666666 0.030729166666666665 0.425
