1 0.16458333333333333 0.6550925925925926 0.015625 0.07685185185185185
1 0.16458333333333333 0.6550925925925926 0.015625 0.07685185185185185
1 0.27682291666666664 0.6375 0.013020833333333334 0.05092592592592592
1 0.1421875 0.649537037037037 0.020833333333333332 0.09351851851851851
1 0.25833333333333336 0.6365740740740741 0.013541666666666667 0.05092592592592592
1 0.7197916666666667 0.6125 0.015625 0.062037037037037036
0 0.3859375 0.674537037037037 0.042708333333333334 0.1527777777777778
1 0.61015625 0.6231481481481481 0.015104166666666667 0.053703703703703705
1 0.7 0.6185185185185185 0.023958333333333335 0.09814814814814815
1 0.590625 0.6134259259259259 0.013541666666666667 0.05092592592592592
1 0.70859375 0.6152777777777778 0.015104166666666667 0.06759259259259259
0 0.19921875 0.674537037037037 0.028645833333333332 0.12685185185185185
