1 0.44765625 0.712037037037037 0.0109375 0.040740740740740744
1 0.5505208333333333 0.6912037037037037 0.010416666666666666 0.041666666666666664
1 0.6809895833333334 0.674537037037037 0.005729166666666666 0.030555555555555555
0 0.646875 0.7277777777777777 0.029166666666666667 0.18333333333333332
1 0.5505208333333333 0.6912037037037037 0.010416666666666666 0.041666666666666664
1 0.99375 0.687962962962963 0.011458333333333333 0.32222222222222224
1 0.65625 0.675 0.010416666666666666 0.02962962962962963
1 0.34453125 0.6944444444444444 0.0109375 0.06296296296296296
0 0.8541666666666666 0.6763888888888889 0.041666666666666664 0.18425925925925926
1 0.44244791666666666 0.6976851851851852 0.009895833333333333 0.062037037037037036
