1 0.99453125 0.6222222222222222 0.009895833333333333 0.07407407407407407
1 0.46588541666666666 0.700925925925926 0.009895833333333333 0.046296296296296294
1 0.4786458333333333 0.7041666666666667 0.015625 0.058333333333333334
1 0.46484375 0.7 0.0171875 0.053703703703703705
0 0.9067708333333333 0.7180555555555556 0.10104166666666667 0.3287037037037037
1 0.99453125 0.6222222222222222 0.009895833333333333 0.07407407407407407
1 0.3067708333333333 0.7111111111111111 0.016666666666666666 0.07962962962962963
1 0.6302083333333334 0.6828703703703703 0.009375 0.03425925925925926
1 0.30859375 0.7226851851851852 0.013020833333333334 0.049074074074074076
1 0.3067708333333333 0.7037037037037037 0.016666666666666666 0.07962962962962963
1 0.24635416666666668 0.6962962962962963 0.013541666666666667 0.07777777777777778
