0 0.33046875 0.6393518518518518 0.0234375 0.10833333333333334
1 0.051041666666666666 0.6458333333333334 0.022916666666666665 0.10277777777777777
0 0.23203125 0.6449074074074074 0.025520833333333333 0.09351851851851851
1 0.025520833333333333 0.6486111111111111 0.021875 0.10277777777777777
1 0.5984375 0.5939814814814814 0.010416666666666666 0.04351851851851852
1 0.20651041666666667 0.6277777777777778 0.015104166666666667 0.06666666666666667
1 0.30442708333333335 0.6111111111111112 0.013020833333333334 0.044444444444444446
1 0.19166666666666668 0.6189814814814815 0.01875 0.07314814814814814
1 0.6216145833333333 0.5884259259259259 0.011979166666666667 0.04537037037037037
1 0.66015625 0.5875 0.013020833333333334 0.058333333333333334
