0 0.36354166666666665 0.7620370370370371 0.11979166666666667 0.4166666666666667
1 0.26015625 0.6486111111111111 0.011979166666666667 0.03796296296296296
1 0.9057291666666667 0.663425925925926 0.03125 0.16574074074074074
1 0.9815104166666667 0.649537037037037 0.0359375 0.13796296296296295
1 0.86640625 0.6171296296296296 0.0140625 0.05092592592592592
1 0.5796875 0.6453703703703704 0.016666666666666666 0.05
1 0.5763020833333333 0.6370370370370371 0.011979166666666667 0.04814814814814815
1 0.675 0.6523148148148148 0.0125 0.062037037037037036
1 0.26015625 0.6486111111111111 0.011979166666666667 0.03796296296296296
0 0.36354166666666665 0.7620370370370371 0.11979166666666667 0.4166666666666667
1 0.9057291666666667 0.663425925925926 0.03125 0.16574074074074074
1 0.63515625 0.6467592592592593 0.0171875 0.058333333333333334
