1 0.5973958333333333 0.5912037037037037 0.011458333333333333 0.04722222222222222
1 0.30911458333333336 0.6092592592592593 0.013020833333333334 0.044444444444444446
1 0.684375 0.5879629629629629 0.019791666666666666 0.08148148148148149
1 0.21328125 0.6236111111111111 0.015104166666666667 0.06944444444444445
0 0.24713541666666666 0.6449074074074074 0.034895833333333334 0.0787037037037037
1 0.2942708333333333 0.6106481481481482 0.010416666666666666 0.04722222222222222
1 0.06614583333333333 0.6444444444444445 0.022916666666666665 0.09814814814814815
1 0.30911458333333336 0.6092592592592593 0.013020833333333334 0.044444444444444446
1 0.5973958333333333 0.5912037037037037 0.011458333333333333 0.04722222222222222
1 0.20260416666666667 0.6194444444444445 0.01875 0.07222222222222222
