1 0.6950520833333333 0.6800925925925926 0.016145833333333335 0.06018518518518518
1 0.9794270833333333 0.6356481481481482 0.016145833333333335 0.07314814814814814
1 0.5015625 0.6884259259259259 0.008333333333333333 0.03981481481481482
1 0.9942708333333333 0.6356481481481482 0.010416666666666666 0.062037037037037036
1 0.7609375 0.6615740740740741 0.00625 0.028703703703703703
1 0.46640625 0.6902777777777778 0.011979166666666667 0.05648148148148148
1 0.690625 0.6925925925925925 0.010416666666666666 0.037037037037037035
1 0.7330729166666666 0.6708333333333333 0.008854166666666666 0.03981481481481482
1 0.68515625 0.6856481481481481 0.013020833333333334 0.05462962962962963
1 0.784375 0.6606481481481481 0.008333333333333333 0.025
1 0.7244791666666667 0.6708333333333333 0.007291666666666667 0.03611111111111111
