1 0.6565104166666667 0.5875 0.013020833333333334 0.058333333333333334
1 0.6690104166666667 0.5888888888888889 0.013020833333333334 0.05185185185185185
1 0.03229166666666667 0.6453703703703704 0.021875 0.1
1 0.2916666666666667 0.611574074074074 0.010416666666666666 0.04722222222222222
1 0.21015625 0.625462962962963 0.015104166666666667 0.06759259259259259
0 0.328125 0.638425925925926 0.022916666666666665 0.10462962962962963
1 0.30703125 0.6101851851851852 0.013020833333333334 0.044444444444444446
1 0.59765625 0.5921296296296297 0.0109375 0.04537037037037037
1 0.6690104166666667 0.5888888888888889 0.013020833333333334 0.05185185185185185
1 0.19739583333333333 0.6185185185185185 0.01875 0.07222222222222222
1 0.08151041666666667 0.6287037037037037 0.0171875 0.06666666666666667
1 0.6869791666666667 0.5898148148148148 0.019791666666666666 0.08148148148148149
1 0.6565104166666667 0.5875 0.013020833333333334 0.058333333333333334
1 0.6205729166666667 0.5861111111111111 0.013020833333333334 0.044444444444444446
