1 0.25416666666666665 0.5041666666666667 0.011458333333333333 0.03611111111111111
1 0.98984375 0.4981481481481482 0.018229166666666668 0.14074074074074075
0 0.7817708333333333 0.5069444444444444 0.03854166666666667 0.16203703703703703
1 0.19010416666666666 0.5064814814814815 0.013541666666666667 0.046296296296296294
1 0.22291666666666668 0.5041666666666667 0.010416666666666666 0.03796296296296296
0 0.8182291666666667 0.5055555555555555 0.03125 0.15185185185185185
1 0.634375 0.4777777777777778 0.01875 0.05740740740740741
0 0.7354166666666667 0.5125 0.03333333333333333 0.15833333333333333
1 0.10208333333333333 0.5263888888888889 0.016666666666666666 0.06759259259259259
0 0.7114583333333333 0.5634259259259259 0.075 0.23425925925925925
