0 0.13880208333333333 0.6189814814814815 0.06614583333333333 0.2898148148148148
1 0.6890625 0.48333333333333334 0.023958333333333335 0.09259259259259259
0 0.12604166666666666 0.6467592592592593 0.10104166666666667 0.36203703703703705
0 0.13880208333333333 0.6189814814814815 0.06614583333333333 0.2898148148148148
1 0.18515625 0.5282407407407408 0.013020833333333334 0.04722222222222222
0 0.0140625 0.6412037037037037 0.027083333333333334 0.23425925925925925
0 0.15885416666666666 0.624537037037037 0.084375 0.3435185185185185
1 0.23229166666666667 0.5180555555555556 0.010416666666666666 0.04351851851851852
1 0.09453125 0.5407407407407407 0.019270833333333334 0.06851851851851852
1 0.6315104166666666 0.4703703703703704 0.0203125 0.053703703703703705
