1 0.19947916666666668 0.4837962962962963 0.014583333333333334 0.049074074074074076
1 0.19947916666666668 0.4837962962962963 0.014583333333333334 0.049074074074074076
1 0.6348958333333333 0.4648148148148148 0.01875 0.07592592592592592
1 0.8502604166666666 0.4777777777777778 0.028645833333333332 0.12407407407407407
0 0.70703125 0.4810185185185185 0.027604166666666666 0.12314814814814815
1 0.2390625 0.48009259259259257 0.010416666666666666 0.03796296296296296
1 0.1140625 0.49583333333333335 0.016666666666666666 0.06759259259259259
0 0.6609375 0.5208333333333334 0.040625 0.18796296296296297
1 0.22994791666666667 0.48055555555555557 0.011979166666666667 0.04814814814814815
1 0.25859375 0.4777777777777778 0.011979166666666667 0.03333333333333333
0 0.6833333333333333 0.4847222222222222 0.023958333333333335 0.11944444444444445
1 0.6104166666666667 0.462037037037037 0.01875 0.05740740740740741
