1 0.6848958333333334 0.6662037037037037 0.010416666666666666 0.028703703703703703
1 0.9609375 0.6351851851851852 0.017708333333333333 0.07592592592592592
0 0.7106770833333333 0.6907407407407408 0.049479166666666664 0.16296296296296298
1 0.46979166666666666 0.6875 0.009375 0.04722222222222222
1 0.5377604166666666 0.6939814814814815 0.011979166666666667 0.05648148148148148
1 0.5419270833333333 0.687962962962963 0.0171875 0.06296296296296296
1 0.9908854166666666 0.6689814814814815 0.0171875 0.2972222222222222
1 0.3802083333333333 0.6884259259259259 0.010416666666666666 0.06018518518518518
1 0.62109375 0.6773148148148148 0.0140625 0.03611111111111111
0 0.5213541666666667 0.7157407407407408 0.030208333333333334 0.13518518518518519
