1 0.9638020833333333 0.6356481481481482 0.0171875 0.07314814814814814
1 0.41432291666666665 0.7111111111111111 0.009895833333333333 0.04259259259259259
1 0.32135416666666666 0.6935185185185185 0.011458333333333333 0.06481481481481481
1 0.41380208333333335 0.7046296296296296 0.0140625 0.06111111111111111
0 0.6625 0.7296296296296296 0.05416666666666667 0.1925925925925926
1 0.53125 0.6912037037037037 0.010416666666666666 0.041666666666666664
1 0.48776041666666664 0.6958333333333333 0.009895833333333333 0.05277777777777778
1 0.6401041666666667 0.674537037037037 0.010416666666666666 0.032407407407407406
1 0.6635416666666667 0.674537037037037 0.005208333333333333 0.030555555555555555
1 0.9638020833333333 0.6356481481481482 0.0171875 0.07314814814814814
