1 0.15 0.5995370370370371 0.015625 0.06944444444444445
0 0.5239583333333333 0.6680555555555555 0.0625 0.24722222222222223
1 0.6234375 0.5944444444444444 0.013541666666666667 0.05740740740740741
1 0.22708333333333333 0.5981481481481481 0.017708333333333333 0.05740740740740741
1 0.6205729166666667 0.5962962962962963 0.0140625 0.06666666666666667
1 0.11875 0.6166666666666667 0.019791666666666666 0.09259259259259259
1 0.7880208333333333 0.5986111111111111 0.017708333333333333 0.08055555555555556
1 0.6544270833333333 0.5884259259259259 0.011979166666666667 0.05092592592592592
1 0.7114583333333333 0.5921296296296297 0.023958333333333335 0.10277777777777777
0 0.5239583333333333 0.6680555555555555 0.0625 0.24722222222222223
1 0.775 0.5912037037037037 0.020833333333333332 0.0787037037037037
1 0.24661458333333333 0.5990740740740741 0.0140625 0.05555555555555555
1 0.08854166666666667 0.6069444444444444 0.020833333333333332 0.11018518518518519
