0 0.12916666666666668 0.5828703703703704 0.04895833333333333 0.21944444444444444
0 0.30833333333333335 0.562962962962963 0.07083333333333333 0.2462962962962963
1 0.12916666666666668 0.5162037037037037 0.017708333333333333 0.06388888888888888
1 0.6619791666666667 0.4787037037037037 0.022916666666666665 0.08703703703703704
1 0.12135416666666667 0.5203703703703704 0.013541666666666667 0.05555555555555555
1 0.9067708333333333 0.49398148148148147 0.04583333333333333 0.13425925925925927
1 0.20442708333333334 0.5060185185185185 0.013020833333333334 0.04722222222222222
0 0.12916666666666668 0.5828703703703704 0.04895833333333333 0.21944444444444444
1 0.640625 0.46574074074074073 0.016666666666666666 0.05925925925925926
1 0.18229166666666666 0.5050925925925925 0.013541666666666667 0.04537037037037037
