1 0.5994791666666667 0.6861111111111111 0.013541666666666667 0.06111111111111111
1 0.5932291666666667 0.6921296296296297 0.014583333333333334 0.05648148148148148
0 0.65 0.6967592592592593 0.027083333333333334 0.14722222222222223
0 0.65 0.6967592592592593 0.027083333333333334 0.14722222222222223
1 0.99453125 0.6296296296296297 0.009895833333333333 0.07592592592592592
1 0.7049479166666667 0.6675925925925926 0.0078125 0.025925925925925925
0 0.47161458333333334 0.7157407407407408 0.025520833333333333 0.12407407407407407
1 0.9536458333333333 0.6402777777777777 0.015625 0.075
1 0.9776041666666667 0.6365740740740741 0.014583333333333334 0.062037037037037036
1 0.7268229166666667 0.6652777777777777 0.0078125 0.028703703703703703
1 0.6604166666666667 0.6759259259259259 0.009375 0.037037037037037035
1 0.40338541666666666 0.6898148148148148 0.0109375 0.05740740740740741
