1 0.9856770833333334 0.5101851851851852 0.027604166666666666 0.17222222222222222
1 0.22239583333333332 0.5041666666666667 0.010416666666666666 0.03796296296296296
1 0.22239583333333332 0.5041666666666667 0.010416666666666666 0.03796296296296296
1 0.25364583333333335 0.5041666666666667 0.011458333333333333 0.03611111111111111
1 0.1890625 0.5064814814814815 0.013541666666666667 0.046296296296296294
1 0.63671875 0.47824074074074074 0.019270833333333334 0.058333333333333334
0 0.7846354166666667 0.5050925925925925 0.03802083333333333 0.1675925925925926
1 0.103125 0.525 0.016666666666666666 0.06666666666666667
1 0.16875 0.5106481481481482 0.0125 0.05277777777777778
0 0.8231770833333333 0.5069444444444444 0.03177083333333333 0.15833333333333333
