1 0.6653645833333334 0.7069444444444445 0.021354166666666667 0.0787037037037037
1 0.5130208333333334 0.6546296296296297 0.010416666666666666 0.04259259259259259
1 0.5197916666666667 0.6564814814814814 0.010416666666666666 0.04259259259259259
1 0.18802083333333333 0.6643518518518519 0.027083333333333334 0.08611111111111111
1 0.8234375 0.6986111111111111 0.07083333333333333 0.275
1 0.54921875 0.6560185185185186 0.013020833333333334 0.04722222222222222
1 0.6653645833333334 0.7069444444444445 0.021354166666666667 0.0787037037037037
0 0.3859375 0.6662037037037037 0.0125 0.04351851851851852
1 0.5611979166666666 0.6597222222222222 0.0109375 0.05092592592592592
1 0.6515625 0.6777777777777778 0.03125 0.13703703703703704
