0 0.7625 0.5018518518518519 0.03229166666666667 0.14814814814814814
1 0.6651041666666667 0.4810185185185185 0.020833333333333332 0.08055555555555556
1 0.22838541666666667 0.5 0.011979166666666667 0.04814814814814815
0 0.7255208333333333 0.5018518518518519 0.029166666666666667 0.14814814814814814
1 0.18177083333333333 0.5032407407407408 0.0125 0.04722222222222222
1 0.25494791666666666 0.49953703703703706 0.011979166666666667 0.03611111111111111
1 0.9278645833333333 0.4981481481481482 0.028645833333333332 0.1537037037037037
1 0.19270833333333334 0.5 0.011458333333333333 0.04259259259259259
1 0.9486979166666667 0.49537037037037035 0.03802083333333333 0.13703703703703704
1 0.6276041666666666 0.4740740740740741 0.01875 0.05740740740740741
1 0.23020833333333332 0.49398148148148147 0.010416666666666666 0.03796296296296296
