1 0.18671875 0.6342592592592593 0.015104166666666667 0.07222222222222222
1 0.6940104166666666 0.5935185185185186 0.016145833333333335 0.06111111111111111
0 0.35078125 0.6504629629629629 0.034895833333333334 0.12314814814814815
1 0.0078125 0.6472222222222223 0.015625 0.10925925925925926
1 0.5778645833333333 0.5958333333333333 0.013020833333333334 0.05092592592592592
1 0.6013020833333333 0.5972222222222222 0.011979166666666667 0.044444444444444446
1 0.026822916666666665 0.637962962962963 0.015104166666666667 0.07037037037037037
1 0.690625 0.6018518518518519 0.023958333333333335 0.09814814814814815
1 0.27395833333333336 0.6157407407407407 0.010416666666666666 0.04814814814814815
0 0.20364583333333333 0.6532407407407408 0.028125 0.11574074074074074
1 0.67890625 0.5967592592592592 0.015104166666666667 0.06759259259259259
1 0.29140625 0.6226851851851852 0.013020833333333334 0.04722222222222222
1 0.16510416666666666 0.6324074074074074 0.020833333333333332 0.08148148148148149
